
Tue Jun 10 04:25:53 2025
  Interface        Period, s  Sent, Kbit/s  Recv, Kbit/s  Frames sent, pps  Frames recv, pps  
  ---------------- ---------- ------------- ------------- ----------------- ----------------- 
  te0/0/1          20         0             0             0                 0                 
  te0/0/2          20         0             0             0                 0                 
  te0/0/3          20         0             0             0                 0                 
  te0/0/4          20         0             0             0                 0                 
  te0/0/5          300        0             0             0                 0                 
  te0/0/6          300        0             0             0                 0                 
  te0/0/7          300        0             0             0                 0                 
  te0/0/8          300        0             0             0                 0                 
  te0/0/9          300        0             0             0                 0                 
  te0/0/10         300        0             0             0                 0                 
  te0/0/11         300        1             13            1                 15                
  te0/0/12         300        0             0             0                 0                 
  te0/0/13         300        0             0             0                 0                 
  te0/0/14         300        0             0             0                 0                 
  te0/0/15         300        0             0             0                 0                 
  te0/0/16         300        0             0             0                 0                 
  te0/0/17         300        0             0             0                 0                 
  te0/0/18         300        0             0             0                 0                 
  te0/0/19         300        0             0             0                 0                 
  te0/0/20         300        0             0             0                 0                 
  bu1              300        0             0             0                 0                 
  bu2              300        0             0             0                 0                 
  mgmt0/fmc0/1     300        0             11            0                 15                
0/ME5100:R4-G2# 